25
KingsLanding 8 0.7 2
Winterfell 9 0.9 2
CasterlyRock 10 0.6 2
Dragonstone 7 0.8 2
Highgarden 8 0.7 2
Sunspear 7 0.5 2
Pyke 6 0.4 2
Riverrun 7 0.7 2
Storms_End 6 0.6 2
Dorne 8 0.4 2
The_Eyrie 7 0.8 2
Oldtown 8 0.7 2
The_Twins 5 0.3 2
Harrenhal 6 0.5 2
The_Wall 9 0.9 2
Eastwatch 7 0.8 2
Shadow_Tower 8 0.8 2
Castle_Black 9 0.9 2
Moat_Cailin 6 0.7 2
White_Harbor 7 0.8 2
Deepwood_Motte 6 0.6 2
Karhold 7 0.7 2
Dreadfort 5 0.4 2
Last_Hearth 6 0.7 2
Hornwood 5 0.6 2
0 312 657 488 559 607 617 609 431 544 734 666 419 557 489 559 527 693 310 579 511 724 476 322 531
313 0 327 584 532 347 622 351 590 504 378 706 415 412 447 401 498 639 582 299 466 498 398 553 444
704 271 0 712 517 472 642 257 269 594 638 669 361 373 471 327 745 376 505 521 644 612 364 361 484
477 506 316 0 613 271 593 349 527 630 429 663 615 506 736 488 683 646 749 532 724 296 291 477 566
547 505 629 405 0 275 722 709 447 532 609 376 491 330 691 463 360 309 368 326 522 348 375 475 264
703 262 651 425 440 0 540 513 421 339 346 395 703 640 632 414 741 373 567 272 379 441 726 499 327
703 745 268 333 456 362 0 500 696 434 659 438 722 641 332 396 441 590 604 618 726 425 626 495 414
696 396 499 705 509 424 346 0 539 602 555 719 257 607 457 588 465 295 723 436 713 746 538 673 487
269 464 462 506 625 656 525 619 0 289 649 454 279 487 732 676 373 652 598 347 418 714 341 321 281
370 310 625 379 509 646 373 719 473 0 608 296 722 676 434 359 432 496 716 664 483 265 251 408 505
362 514 685 552 699 684 330 657 335 580 0 654 579 693 404 379 257 620 330 388 667 453 289 638 461
325 563 594 654 480 339 318 302 564 747 504 0 542 499 312 264 564 726 569 534 322 573 481 324 520
491 493 673 316 650 540 285 613 376 493 411 739 0 744 473 699 433 719 314 404 385 722 504 358 275
439 314 518 496 331 732 623 657 458 265 487 455 593 0 463 276 489 537 578 379 567 609 390 359 294
645 533 691 493 720 496 561 522 694 690 453 368 425 468 0 281 347 485 422 371 318 660 486 372 721
396 731 467 578 407 745 656 580 255 602 370 621 589 444 676 0 337 338 681 660 356 293 692 745 500
700 741 728 253 665 529 384 741 561 738 310 628 410 382 504 448 0 517 716 547 442 633 264 523 747
313 307 322 718 309 357 623 321 483 640 666 454 634 665 373 672 267 0 621 445 452 401 370 331 354
330 448 529 739 399 721 439 277 418 660 559 630 362 376 468 481 414 577 0 426 295 601 688 254 438
648 543 539 399 338 659 384 481 384 636 525 410 645 606 580 483 276 673 428 0 381 548 314 651 678
361 579 416 496 347 584 388 693 354 668 501 697 456 731 428 547 262 498 678 301 0 602 363 653 648
641 312 348 675 440 458 365 377 551 479 747 463 556 292 294 387 435 304 602 489 431 0 449 509 493
604 285 497 569 477 392 346 589 355 387 444 328 352 320 281 306 610 715 663 674 460 405 0 400 701
565 296 514 264 450 401 498 298 445 321 693 553 492 549 704 618 623 313 507 267 541 296 659 0 652
681 265 541 525 731 541 295 310 477 291 614 426 643 595 509 432 647 270 647 706 305 379 250 542 0
0.0 0.9 0.6 0.3 0.7 0.3 0.7 0.4 0.7 0.5 0.8 0.5 0.9 0.5 0.3 0.6 0.3 0.7 0.4 0.7 0.4 0.8 0.5 0.9 0.5
0.9 0.0 0.6 0.3 0.7 0.3 0.7 0.4 0.7 0.5 0.8 0.5 0.9 0.5 0.3 0.6 0.3 0.7 0.4 0.7 0.4 0.8 0.5 0.9 0.5
0.9 0.6 0.0 0.3 0.7 0.3 0.7 0.4 0.7 0.5 0.8 0.5 0.9 0.5 0.3 0.6 0.3 0.7 0.4 0.7 0.4 0.8 0.5 0.9 0.5
0.9 0.6 0.3 0.0 0.7 0.3 0.7 0.4 0.7 0.5 0.8 0.5 0.9 0.5 0.3 0.6 0.3 0.7 0.3 0.7 0.4 0.8 0.5 0.9 0.5
0.9 0.6 0.3 0.7 0.0 0.3 0.7 0.4 0.7 0.5 0.8 0.5 0.9 0.5 0.3 0.6 0.3 0.7 0.3 0.7 0.4 0.8 0.5 0.9 0.5
0.9 0.6 0.3 0.7 0.3 0.0 0.7 0.4 0.7 0.5 0.8 0.5 0.9 0.5 0.3 0.6 0.3 0.7 0.3 0.7 0.4 0.8 0.5 0.9 0.5
0.9 0.6 0.3 0.7 0.3 0.7 0.0 0.4 0.7 0.5 0.8 0.5 0.9 0.5 0.3 0.6 0.3 0.7 0.3 0.7 0.4 0.8 0.5 0.9 0.5
0.9 0.6 0.3 0.7 0.3 0.7 0.4 0.0 0.7 0.5 0.8 0.5 0.9 0.5 0.3 0.6 0.3 0.7 0.3 0.7 0.4 0.8 0.5 0.8 0.5
0.9 0.6 0.3 0.7 0.3 0.7 0.4 0.7 0.0 0.8 0.5 0.9 0.5 0.9 0.6 0.3 0.7 0.3 0.7 0.4 0.7 0.5 0.8 0.5 0.9
0.5 0.3 0.6 0.3 0.7 0.4 0.7 0.4 0.8 0.0 0.5 0.9 0.5 0.9 0.6 0.3 0.7 0.3 0.7 0.4 0.7 0.5 0.8 0.5 0.9
0.5 0.3 0.6 0.3 0.7 0.4 0.7 0.4 0.8 0.5 0.0 0.9 0.5 0.9 0.6 0.3 0.7 0.3 0.7 0.4 0.7 0.5 0.8 0.5 0.9
0.5 0.3 0.6 0.3 0.7 0.3 0.7 0.4 0.8 0.5 0.9 0.0 0.5 0.9 0.6 0.3 0.7 0.3 0.7 0.4 0.7 0.5 0.8 0.5 0.9
0.5 0.3 0.6 0.3 0.7 0.3 0.7 0.4 0.8 0.5 0.9 0.5 0.0 0.9 0.6 0.3 0.7 0.3 0.7 0.4 0.7 0.5 0.8 0.5 0.9
0.5 0.3 0.6 0.3 0.7 0.3 0.7 0.4 0.8 0.5 0.9 0.5 0.9 0.0 0.6 0.3 0.7 0.3 0.7 0.4 0.7 0.5 0.8 0.5 0.9
0.5 0.3 0.6 0.3 0.7 0.3 0.7 0.4 0.8 0.5 0.9 0.5 0.3 0.6 0.0 0.3 0.7 0.3 0.7 0.4 0.8 0.5 0.8 0.5 0.9
0.6 0.3 0.6 0.3 0.7 0.4 0.7 0.5 0.8 0.5 0.9 0.5 0.3 0.6 0.3 0.0 0.7 0.3 0.7 0.4 0.8 0.5 0.8 0.5 0.9
0.6 0.3 0.6 0.3 0.7 0.4 0.7 0.5 0.8 0.5 0.9 0.5 0.3 0.6 0.3 0.7 0.0 0.3 0.7 0.4 0.8 0.5 0.8 0.5 0.9
0.6 0.3 0.6 0.3 0.7 0.4 0.7 0.4 0.8 0.5 0.9 0.5 0.3 0.6 0.3 0.7 0.3 0.0 0.7 0.4 0.7 0.5 0.8 0.5 0.9
0.6 0.3 0.6 0.3 0.7 0.4 0.7 0.4 0.8 0.5 0.9 0.5 0.3 0.6 0.3 0.7 0.3 0.7 0.0 0.4 0.7 0.5 0.8 0.5 0.9
0.6 0.3 0.6 0.3 0.7 0.4 0.7 0.4 0.8 0.5 0.9 0.5 0.3 0.6 0.3 0.7 0.3 0.7 0.4 0.0 0.7 0.5 0.8 0.5 0.9
0.6 0.3 0.6 0.3 0.7 0.4 0.7 0.4 0.8 0.5 0.9 0.5 0.3 0.6 0.3 0.7 0.3 0.7 0.4 0.7 0.0 0.5 0.8 0.5 0.9
0.6 0.3 0.6 0.3 0.7 0.4 0.7 0.4 0.8 0.5 0.9 0.5 0.3 0.6 0.3 0.7 0.3 0.7 0.4 0.7 0.5 0.0 0.8 0.5 0.9
0.5 0.3 0.6 0.7 0.3 0.7 0.4 0.8 0.5 0.8 0.5 0.9 0.6 0.3 0.6 0.3 0.7 0.4 0.7 0.5 0.8 0.5 0.0 0.9 0.5
0.3 0.6 0.3 0.7 0.3 0.7 0.4 0.8 0.5 0.8 0.5 0.9 0.6 0.3 0.6 0.3 0.7 0.4 0.7 0.5 0.8 0.5 0.9 0.0 0.5
0.3 0.6 0.3 0.7 0.3 0.7 0.4 0.8 0.5 0.8 0.5 0.9 0.6 0.3 0.6 0.3 0.7 0.4 0.7 0.5 0.8 0.5 0.9 0.5 0.0

