15
KingsLanding 400 1.0 20
Winterfell 90 0.7 15
CasterlyRock 95 0.75 16
Dragonstone 85 0.8 14
Highgarden 100 0.85 17
Sunspear 80 0.65 13
Pyke 75 0.7 12
Riverrun 85 0.75 14
Storms_End 90 0.8 15
The_Eyrie 80 0.85 13
Oldtown 95 0.8 15
The_Twins 85 0.7 13
Harrenhal 80 0.75 14
The_Wall 105 0.9 18
Eastwatch 90 0.75 15
0    250 300 220 270 210 290 230 280 250 240 210 230 280 250
250   0 210 260 230 290 200 270 240 220 210 240 200 220 270
300 210   0 190 240 280 230 200 220 210 260 200 240 210 230
220 260 190   0 210 240 180 220 200 230 220 240 190 260 210
270 230 240 210   0 200 260 210 190 240 200 230 250 210 240
210 290 280 240 200   0 220 190 270 230 270 200 230 240 210
290 200 230 180 260 220   0 210 240 200 220 240 200 260 200
230 270 200 220 210 190 210   0 180 260 210 200 230 220 260
280 240 220 200 190 270 240 180   0 220 260 220 210 190 230
250 220 210 230 240 230 200 260 220   0 190 260 220 240 200
240 210 260 220 200 270 220 210 260 190   0 210 230 200 250
210 240 200 240 230 200 240 200 220 260 210   0 180 230 210
230 200 240 190 250 230 200 230 210 220 230 180   0 220 200
280 220 210 260 210 240 260 220 190 240 200 230 220   0 180
250 270 230 210 240 210 200 260 230 200 250 210 200 180   0
0.0 0.1 0.15 0.05 0.1 0.15 0.1 0.05 0.1 0.15 0.1 0.15 0.1 0.15 0.1
0.1 0.0 0.1 0.15 0.05 0.1 0.15 0.1 0.05 0.1 0.15 0.1 0.15 0.1 0.15
0.15 0.1 0.0 0.1 0.15 0.05 0.1 0.15 0.1 0.05 0.1 0.15 0.1 0.15 0.1
0.05 0.15 0.1 0.0 0.1 0.15 0.05 0.1 0.15 0.1 0.15 0.1 0.15 0.1 0.15
0.1 0.05 0.15 0.1 0.0 0.1 0.15 0.05 0.1 0.15 0.1 0.15 0.1 0.15 0.1
0.15 0.1 0.05 0.15 0.1 0.0 0.1 0.15 0.05 0.1 0.15 0.1 0.15 0.1 0.15
0.1 0.15 0.1 0.05 0.15 0.1 0.0 0.1 0.15 0.05 0.1 0.15 0.1 0.15 0.1
0.05 0.1 0.15 0.1 0.05 0.15 0.1 0.0 0.1 0.15 0.15 0.1 0.15 0.1 0.15
0.1 0.05 0.1 0.15 0.1 0.05 0.15 0.1 0.0 0.1 0.1 0.15 0.1 0.15 0.1
0.15 0.1 0.05 0.1 0.15 0.1 0.05 0.15 0.1 0.0 0.15 0.1 0.15 0.1 0.15
0.1 0.15 0.1 0.15 0.1 0.15 0.1 0.15 0.1 0.15 0.0 0.1 0.1 0.15 0.1
0.15 0.1 0.15 0.1 0.15 0.1 0.15 0.1 0.15 0.1 0.1 0.0 0.15 0.1 0.15
0.1 0.15 0.1 0.15 0.1 0.15 0.1 0.15 0.1 0.15 0.1 0.15 0.0 0.1 0.1
0.15 0.1 0.15 0.1 0.15 0.1 0.15 0.1 0.15 0.1 0.15 0.1 0.1 0.0 0.15
0.1 0.15 0.1 0.15 0.1 0.15 0.1 0.15 0.1 0.15 0.1 0.15 0.1 0.15 0.0 