25
KingsLanding 8 0.7 4
Winterfell 9 0.9 4
CasterlyRock 10 0.6 4
Dragonstone 7 0.8 4
Highgarden 8 0.7 4
Sunspear 7 0.5 4
Pyke 6 0.4 4
Riverrun 7 0.7 4
Storms_End 6 0.6 4
Dorne 8 0.4 4
The_Eyrie 7 0.8 4
Oldtown 8 0.7 4
The_Twins 5 0.3 4
Harrenhal 6 0.5 4
The_Wall 9 0.9 4
Eastwatch 7 0.8 4
Shadow_Tower 8 0.8 4
Castle_Black 9 0.9 4
Moat_Cailin 6 0.7 4
White_Harbor 7 0.8 4
Deepwood_Motte 6 0.6 4
Karhold 7 0.7 4
Dreadfort 5 0.4 4
Last_Hearth 6 0.7 4
Hornwood 5 0.6 4
0 440 630 590 729 337 684 549 442 324 519 411 631 595 558 598 296 712 678 614 332 350 404 491 726
688 0 510 697 719 734 690 401 418 291 666 331 594 671 384 332 532 448 418 713 444 287 381 268 580
288 281 0 613 386 347 699 704 358 281 642 341 391 434 452 461 703 387 317 598 502 703 453 361 695
507 522 488 0 289 397 356 551 651 675 270 439 522 448 673 551 511 382 355 258 523 689 422 589 371
314 587 397 292 0 608 257 685 376 411 618 549 394 403 651 670 558 715 455 253 288 702 301 742 645
578 322 496 400 731 0 729 749 603 442 589 436 257 573 615 404 550 659 532 607 565 256 586 634 649
613 715 542 650 401 283 0 266 718 283 321 432 650 464 687 494 342 540 702 322 533 496 340 668 691
646 392 507 252 347 474 502 0 463 398 503 266 682 545 471 401 484 571 366 413 549 304 302 660 298
432 682 331 367 479 626 380 301 0 558 468 528 556 581 546 351 573 260 305 519 340 378 674 743 660
576 612 652 484 643 533 330 404 339 0 589 640 424 372 395 293 612 509 498 386 688 607 722 308 351
412 255 326 498 584 691 635 261 288 519 0 332 492 349 296 676 667 571 555 360 516 265 485 609 353
368 628 698 741 475 646 321 360 730 252 617 0 602 394 706 473 264 561 584 502 256 729 695 386 513
265 748 504 530 423 498 420 552 704 508 711 455 0 554 650 319 733 414 268 255 517 678 359 438 713
605 409 645 573 373 522 666 475 417 445 483 539 426 0 650 529 733 371 430 378 450 385 719 317 562
256 347 469 522 351 282 261 611 689 672 413 351 308 258 0 305 741 419 493 645 727 722 647 560 647
354 452 318 725 482 595 348 703 444 373 458 706 268 492 458 0 728 513 584 359 450 305 606 613 602
719 544 275 390 575 619 690 579 729 440 748 429 374 676 727 311 0 454 535 555 341 531 495 598 361
529 697 470 305 382 690 414 543 357 554 521 275 689 416 342 577 432 0 400 659 553 529 581 591 503
426 360 259 579 714 721 497 541 389 404 599 733 457 590 350 312 500 355 0 466 671 744 580 261 684
723 574 603 507 391 582 591 426 323 644 739 451 335 285 558 326 265 399 337 0 466 268 306 620 724
446 280 362 317 628 571 742 709 258 345 605 577 415 444 396 494 435 559 330 334 0 456 295 701 505
493 416 641 579 721 599 397 521 510 304 362 335 509 303 330 456 749 366 588 431 267 0 617 261 577
445 581 268 555 546 476 631 434 465 562 366 333 469 343 448 740 707 635 321 651 495 685 0 656 493
304 395 377 351 318 707 690 383 628 259 458 252 354 346 603 660 701 481 572 332 408 676 586 0 456
575 661 691 681 401 742 332 419 355 498 731 531 684 577 508 545 586 443 740 279 298 275 658 264 0
0.0 0.5 0.2 0.5 0.3 0.6 0.3 0.6 0.4 0.6 0.4 0.2 0.5 0.2 0.5 0.3 0.5 0.3 0.6 0.4 0.6 0.4 0.2 0.4 0.2
0.5 0.0 0.2 0.5 0.3 0.6 0.3 0.6 0.4 0.6 0.4 0.2 0.5 0.2 0.5 0.3 0.5 0.3 0.6 0.3 0.6 0.4 0.2 0.4 0.2
0.5 0.2 0.0 0.5 0.3 0.6 0.3 0.6 0.4 0.6 0.4 0.2 0.5 0.2 0.5 0.3 0.5 0.3 0.6 0.3 0.6 0.4 0.2 0.4 0.2
0.5 0.2 0.5 0.0 0.3 0.6 0.3 0.6 0.4 0.6 0.4 0.2 0.5 0.2 0.5 0.3 0.5 0.3 0.6 0.3 0.6 0.4 0.2 0.4 0.2
0.5 0.2 0.5 0.3 0.0 0.6 0.3 0.6 0.4 0.6 0.4 0.2 0.5 0.2 0.5 0.3 0.5 0.3 0.6 0.3 0.6 0.4 0.2 0.4 0.2
0.5 0.2 0.5 0.3 0.6 0.0 0.3 0.6 0.4 0.6 0.4 0.2 0.5 0.2 0.5 0.3 0.5 0.3 0.6 0.3 0.6 0.4 0.2 0.4 0.2
0.5 0.2 0.5 0.3 0.6 0.3 0.0 0.6 0.4 0.6 0.4 0.2 0.4 0.2 0.5 0.3 0.5 0.3 0.6 0.3 0.6 0.4 0.2 0.4 0.2
0.5 0.2 0.5 0.3 0.6 0.3 0.6 0.0 0.4 0.6 0.4 0.2 0.4 0.2 0.5 0.5 0.3 0.6 0.3 0.6 0.4 0.6 0.4 0.2 0.5
0.2 0.5 0.3 0.5 0.3 0.6 0.4 0.6 0.0 0.4 0.2 0.4 0.2 0.5 0.2 0.5 0.3 0.6 0.3 0.6 0.4 0.6 0.4 0.2 0.5
0.2 0.5 0.3 0.5 0.3 0.6 0.3 0.6 0.4 0.0 0.2 0.4 0.2 0.5 0.2 0.5 0.3 0.6 0.3 0.6 0.4 0.6 0.4 0.2 0.5
0.2 0.5 0.3 0.5 0.3 0.6 0.3 0.6 0.4 0.2 0.0 0.4 0.2 0.5 0.2 0.5 0.3 0.6 0.3 0.6 0.4 0.6 0.4 0.2 0.5
0.2 0.5 0.3 0.5 0.3 0.6 0.3 0.6 0.4 0.2 0.4 0.0 0.2 0.5 0.2 0.5 0.3 0.6 0.3 0.6 0.4 0.6 0.4 0.2 0.5
0.2 0.5 0.3 0.5 0.3 0.6 0.3 0.6 0.4 0.2 0.4 0.2 0.0 0.5 0.2 0.5 0.3 0.6 0.3 0.6 0.4 0.6 0.4 0.2 0.5
0.2 0.5 0.3 0.5 0.3 0.6 0.3 0.6 0.4 0.2 0.4 0.2 0.5 0.0 0.2 0.5 0.3 0.6 0.3 0.6 0.4 0.6 0.4 0.2 0.4
0.2 0.5 0.3 0.5 0.3 0.6 0.3 0.6 0.4 0.2 0.4 0.2 0.5 0.2 0.0 0.5 0.3 0.6 0.3 0.6 0.4 0.6 0.4 0.2 0.4
0.2 0.5 0.3 0.5 0.3 0.6 0.3 0.6 0.4 0.2 0.4 0.2 0.5 0.2 0.5 0.0 0.3 0.6 0.3 0.6 0.4 0.6 0.4 0.2 0.4
0.2 0.5 0.3 0.5 0.3 0.6 0.3 0.6 0.4 0.2 0.4 0.2 0.5 0.2 0.5 0.3 0.0 0.6 0.3 0.6 0.4 0.6 0.4 0.2 0.4
0.2 0.5 0.3 0.5 0.3 0.6 0.3 0.6 0.4 0.2 0.4 0.2 0.5 0.2 0.5 0.3 0.6 0.0 0.3 0.6 0.4 0.6 0.4 0.2 0.4
0.2 0.5 0.3 0.5 0.3 0.6 0.3 0.6 0.4 0.2 0.4 0.2 0.5 0.2 0.5 0.3 0.5 0.3 0.0 0.6 0.4 0.6 0.4 0.2 0.4
0.2 0.5 0.3 0.5 0.3 0.6 0.3 0.6 0.4 0.2 0.4 0.2 0.5 0.2 0.5 0.3 0.5 0.3 0.6 0.0 0.4 0.6 0.4 0.2 0.4
0.2 0.5 0.3 0.5 0.3 0.6 0.3 0.6 0.4 0.2 0.4 0.2 0.5 0.2 0.5 0.3 0.5 0.3 0.6 0.4 0.0 0.6 0.4 0.2 0.4
0.2 0.5 0.3 0.5 0.3 0.6 0.3 0.6 0.4 0.2 0.4 0.2 0.5 0.2 0.5 0.3 0.5 0.3 0.6 0.4 0.6 0.0 0.4 0.2 0.4
0.2 0.5 0.3 0.5 0.3 0.6 0.3 0.6 0.4 0.2 0.4 0.2 0.5 0.2 0.5 0.3 0.5 0.3 0.6 0.4 0.6 0.4 0.0 0.2 0.4
0.2 0.5 0.3 0.5 0.3 0.6 0.3 0.6 0.4 0.6 0.4 0.2 0.5 0.2 0.5 0.3 0.5 0.3 0.6 0.4 0.6 0.4 0.2 0.0 0.4
0.2 0.5 0.3 0.5 0.3 0.6 0.3 0.6 0.4 0.6 0.4 0.2 0.5 0.2 0.5 0.3 0.5 0.3 0.6 0.4 0.6 0.4 0.2 0.4 0.0

