15
KingsLanding 8 0.7 4
Winterfell 9 0.9 4
CasterlyRock 10 0.6 4
Dragonstone 7 0.8 4
Highgarden 8 0.7 4
Sunspear 7 0.5 4
Pyke 6 0.4 4
Riverrun 7 0.7 4
Storms_End 6 0.6 4
Dorne 8 0.4 4
The_Eyrie 7 0.8 4
Oldtown 8 0.7 4
The_Twins 5 0.3 4
Harrenhal 6 0.5 4
The_Wall 9 0.9 4
0 210 248 437 365 258 386 244 181 418 431 335 347 209 395
200 0 434 353 354 350 327 173 251 371 165 168 338 191 265
434 203 0 352 326 155 239 210 376 231 232 222 380 448 163
232 230 250 0 284 262 354 264 276 220 162 316 326 361 208
415 436 164 227 0 219 385 181 294 353 374 266 163 421 237
229 166 197 269 235 0 425 293 332 436 180 320 302 448 408
187 288 273 319 174 409 0 217 203 322 320 198 159 261 174
225 391 432 347 223 275 302 0 226 270 169 190 329 190 246
242 442 212 194 299 179 358 369 0 363 240 416 345 188 313
419 409 434 407 319 410 251 435 151 0 383 331 429 374 391
314 191 183 158 289 286 294 229 347 172 0 262 438 304 330
236 190 380 299 347 201 333 320 220 226 414 0 340 156 239
255 316 296 272 384 340 237 395 185 306 291 248 0 248 270
192 174 253 322 161 264 346 175 352 301 449 410 211 0 302
382 196 240 261 246 337 354 351 177 418 163 406 291 356 0
0.0 0.6 0.3 0.6 0.4 0.6 0.4 0.2 0.5 0.2 0.5 0.3 0.5 0.3 0.6
0.3 0.0 0.6 0.4 0.2 0.4 0.2 0.5 0.2 0.5 0.3 0.6 0.3 0.6 0.4
0.6 0.4 0.0 0.2 0.5 0.2 0.5 0.3 0.5 0.3 0.6 0.3 0.6 0.4 0.2
0.4 0.2 0.5 0.0 0.2 0.5 0.3 0.6 0.3 0.6 0.4 0.6 0.4 0.2 0.5
0.2 0.5 0.3 0.5 0.0 0.3 0.6 0.3 0.6 0.4 0.2 0.4 0.2 0.5 0.2
0.5 0.3 0.6 0.3 0.6 0.0 0.4 0.6 0.4 0.2 0.5 0.2 0.5 0.3 0.5
0.3 0.6 0.3 0.6 0.4 0.2 0.0 0.4 0.2 0.5 0.2 0.5 0.3 0.6 0.3
0.6 0.4 0.6 0.4 0.2 0.4 0.2 0.0 0.5 0.3 0.5 0.3 0.6 0.3 0.6
0.4 0.2 0.4 0.2 0.5 0.2 0.5 0.3 0.0 0.6 0.3 0.6 0.4 0.6 0.4
0.2 0.4 0.2 0.5 0.3 0.5 0.3 0.6 0.3 0.0 0.6 0.4 0.2 0.4 0.2
0.5 0.2 0.5 0.3 0.6 0.3 0.6 0.4 0.6 0.4 0.0 0.2 0.4 0.2 0.5
0.3 0.5 0.3 0.6 0.6 0.4 0.6 0.4 0.2 0.5 0.2 0.0 0.5 0.3 0.5
0.3 0.6 0.4 0.6 0.4 0.2 0.4 0.2 0.5 0.2 0.5 0.3 0.0 0.6 0.3
0.6 0.4 0.6 0.4 0.2 0.5 0.2 0.5 0.3 0.5 0.3 0.6 0.3 0.0 0.6
0.4 0.2 0.4 0.2 0.5 0.2 0.5 0.3 0.6 0.3 0.6 0.4 0.6 0.4 0.0

