15
KingsLanding 8 0.7 2
Winterfell 9 0.9 2
CasterlyRock 10 0.6 2
Dragonstone 7 0.8 2
Highgarden 8 0.7 2
Sunspear 7 0.5 2
Pyke 6 0.4 2
Riverrun 7 0.7 2
Storms_End 6 0.6 2
Dorne 8 0.4 2
The_Eyrie 7 0.8 2
Oldtown 8 0.7 2
The_Twins 5 0.3 2
Harrenhal 6 0.5 2
The_Wall 9 0.9 2
0 439 407 165 307 443 169 297 346 318 385 219 273 289 243
343 0 349 318 186 258 236 229 207 213 160 417 320 316 437
365 213 0 335 198 318 150 346 448 240 216 193 304 277 188
282 449 209 0 202 374 429 207 419 203 256 312 408 427 199
257 195 310 439 0 406 310 312 313 352 310 196 284 368 245
399 284 216 302 168 0 258 226 426 175 349 392 159 392 447
234 233 365 244 258 180 0 350 394 212 195 350 424 173 242
430 309 401 330 310 220 193 0 437 396 389 374 432 341 293
223 324 186 267 301 388 302 203 0 448 232 248 234 365 275
382 372 421 321 185 208 440 246 184 0 390 370 399 303 221
383 242 236 223 266 217 364 165 310 251 0 250 198 363 165
433 193 174 355 171 277 248 282 180 300 249 0 441 249 223
188 411 276 336 407 254 325 349 223 230 386 228 0 253 441
286 259 178 449 284 365 208 220 417 402 346 342 156 0 367
280 304 334 190 232 189 420 344 363 199 343 428 343 179 0
0.0 0.5 0.9 0.5 0.3 0.6 0.3 0.7 0.4 0.7 0.4 0.8 0.5 0.9 0.5
0.9 0.0 0.6 0.3 0.7 0.3 0.7 0.4 0.7 0.5 0.8 0.5 0.9 0.5 0.3
0.6 0.3 0.0 0.7 0.3 0.7 0.4 0.8 0.5 0.9 0.5 0.9 0.6 0.3 0.7
0.3 0.7 0.4 0.0 0.7 0.5 0.8 0.5 0.9 0.5 0.3 0.6 0.3 0.7 0.3
0.7 0.4 0.8 0.5 0.0 0.9 0.5 0.9 0.6 0.3 0.7 0.3 0.7 0.4 0.7
0.5 0.8 0.5 0.9 0.5 0.0 0.3 0.6 0.3 0.7 0.3 0.7 0.4 0.8 0.5
0.9 0.5 0.9 0.6 0.3 0.7 0.0 0.3 0.7 0.4 0.7 0.5 0.8 0.5 0.9
0.5 0.3 0.6 0.3 0.7 0.3 0.7 0.0 0.4 0.8 0.5 0.9 0.5 0.9 0.6
0.3 0.7 0.3 0.7 0.4 0.7 0.5 0.8 0.0 0.5 0.9 0.5 0.3 0.6 0.3
0.7 0.3 0.7 0.4 0.8 0.5 0.9 0.5 0.9 0.0 0.6 0.3 0.7 0.3 0.7
0.4 0.7 0.5 0.8 0.5 0.9 0.5 0.3 0.6 0.3 0.0 0.7 0.3 0.7 0.4
0.8 0.5 0.8 0.5 0.9 0.6 0.3 0.7 0.3 0.7 0.4 0.0 0.7 0.5 0.8
0.5 0.9 0.5 0.3 0.6 0.3 0.7 0.3 0.7 0.4 0.8 0.5 0.0 0.8 0.5
0.9 0.6 0.3 0.7 0.3 0.7 0.4 0.7 0.5 0.8 0.5 0.9 0.5 0.0 0.3
0.6 0.3 0.7 0.3 0.7 0.4 0.8 0.5 0.8 0.5 0.9 0.6 0.3 0.7 0.0

